S:=[
[12,6,4,6,4,3,6],
[12,8,6,4,3,3,4],
[15,7,7,6,6,3,7],
[15,7,7,6,6,7,3],
[15,7,7,8,4,5,5],
[15,9,5,6,6,5,5],
[15,9,9,5,5,3,3],
[15,10,10,4,4,2,4],
[15,10,10,4,4,4,2],
[15,10,10,5,3,3,3],
[15,11,9,4,4,3,3],
[21,12,12,7,7,3,9],
[21,12,12,7,7,9,3],
[21,12,12,10,4,6,6],
[21,15,9,7,7,6,6],
[24,12,8,13,7,7,11],
[24,13,7,12,8,7,11],
[24,15,13,8,6,5,9],
[24,15,13,9,5,6,8],
[30,15,12,12,10,12,10],
[30,15,12,15,10,6,15],
[30,15,12,17,8,8,13],
[30,15,15,12,12,4,16],
[30,15,15,12,12,16,4],
[30,15,15,18,6,10,10],
[30,16,11,14,11,6,15],
[30,16,11,17,8,9,12],
[30,17,13,15,10,5,11],
[30,18,9,14,11,8,13],
[30,18,9,15,10,9,12],
[30,18,12,15,10,4,14],
[30,18,12,15,10,6,10],
[30,18,15,10,10,6,12],
[30,18,15,10,10,12,6],
[30,18,15,13,7,9,9],
[30,20,10,15,10,6,12],
[30,20,10,18,6,6,15],
[30,20,15,11,11,5,7],
[30,20,15,11,11,7,5],
[30,20,15,12,6,6,12],
[30,20,15,12,10,6,6],
[30,21,9,12,12,10,10],
[30,21,9,17,7,6,15],
[30,24,15,10,6,6,10],
[60,29,25,24,20,25,19],
[60,29,25,25,19,24,20],
[60,33,33,23,17,12,24],
[60,33,33,23,17,24,12],
[60,33,33,26,14,15,21],
[60,33,33,26,14,21,15],
[60,34,26,31,19,11,21],
[60,35,25,29,21,10,22],
[60,35,25,31,19,8,28],
[60,35,25,31,19,12,20],
[60,35,25,35,15,12,24],
[60,35,35,24,20,7,17],
[60,35,35,24,20,17,7],
[60,35,35,27,17,10,14],
[60,35,35,27,17,14,10],
[60,36,24,29,21,11,21],
[60,36,24,35,15,13,23],
[60,37,33,22,22,7,17],
[60,37,33,22,22,17,7],
[60,37,33,27,17,12,12],
[60,39,21,34,14,9,33],
[60,39,21,36,12,11,31],
[60,39,27,20,20,15,21],
[60,39,27,20,20,21,15],
[60,39,27,23,17,18,18],
[60,40,20,31,19,13,23],
[60,40,20,33,15,9,33],
[60,41,29,23,13,12,24],
[60,41,29,24,12,13,23],
[60,42,18,33,15,11,31],
[60,43,35,20,12,7,25],
[60,43,35,25,7,12,20]
]:
